Radio Range: 7.21
Infinite Values: 1.00
Distances: [2.000000e+00;5.000000e+00;7.071068e+00;4.472136e+00;4.123106e+00;5.385165e+00;5.830952e+00;2.828427e+00;2.236068e+00;5;5.000000e+00;7.211103e+00;3.162278e+00;6.082763e+00;3.000000e+00]
Estimated Distances: [2.525588e+00;3.190935e+00;2.581963e+00;2.847389e+00;4.263158e-01;5.113320e+00]
Errors: [3.502361e+01;4.425031e+01;3.580538e+01;3.948618e+01;5.911936e+00;7.090899e+01]

Properties:
Distance:Mean: 4.56
Variance: 2.54
Min: 2.00
Max: 7.21

Estimated Distance:Mean: 2.78
Variance: 1.88
Min: 0.43
Max: 5.11

Error:Mean: 38.56
Variance: 360.95
Min: 5.91
Max: 70.91
