pointsRadioRange = [0.320000000000000 0.380000000000000 0.480000000000000;10 20 30];
pointsConnectivity = [12.800000000000000 19.800000000000000 34.600000000000000;10 20 30];